0015530 061765 156207 037475 034632 113016 060615 050062 171064
0015550 151534 167470 142132 146232 107407 115631 114567 114360
0015570 130073 023353 064045 000327 174671 047742 077521 012635
0015610 043534 134506 016164 126751 021315 043244 160052 066531
0015630 122763 161257 021273 163717 032040 060026 011504 126773
0015650 141177 055416 167363 033247 026170 034740 024471 073230
0015670 170156 063603 046065 052123 131620 004140 054150 102247
0015710 036021 143364 166731 175126 060206 011471 120462 127146
0015730 034354 163337 004142 027751 060246 160021 122126 052467
0015750 114064 114061 002530 157650 076732 117154 153536 067267
0015770 012077 130242 105654 066661 065372 176063 002074 041751
0016010 121714 137114 072320 106772 110176 013670 131734 031333
0016030 114517 037463 140634 107557
0016040
0023420 115262 047100 073151 077107 117422 156622 142514 130120
0023440 032443 026227
0023444
0017500 107430 043642 176161 114204 133200 144047 177570 135125
0017520 033717 000321 163367 052007 130200 130662 004552 053640
0017540 036432 037766 022706 127034 127016 144442 156044 035151
0017560 146625 037551 073250 106137 166611 047351 144515 106135
0017600 124075 151023 014153 144752 005067 020050 161116 005024
0017620 124331 063141 172347 164132 020566 101575 036243 061620
0017640 077145 134066 023310 034151 052103 175303 172472 131637
0017660 145375 014754 103301 150003 036722 045266 036035 016302
0017700 131257 060567 107704 060211 030002 057050 062001 111052
0017720 003654 073517 104174 036522 150113 103044 157616 010130
0017740 172264 115077 164211 156125 023617 052571 006065 143360
0017760 113146 170550 122776 140174 124721 057161 126330 113336
0020000 051264 000147
0020003
